id,tenant_id,menu_id,order_by
lixSHhUxqS1t8BHt32bCyz,ZDbZlC1OT8KaDg6soxMCBQ,GerL8pieSMOW/Rb6C5GLSw,20100
G37yhWL+8Wkocg95rfPGNq,ZDbZlC1OT8KaDg6soxMCBQ,+gR1/EL4RoygvIQt307cpg,20101
